[[-79.12181404 -68.52121778 -57.68651204 -60.71663681 -60.71663681
  -63.86315266 -58.01814649 -71.17706862]
 [-67.13144551 -63.76152497 -47.16051031 -52.96490459 -60.06434465
  -70.57344734 -64.85605943 -70.52239952]
 [-61.73693017 -41.64371112 -62.70728771 -63.56503591 -44.23158211
  -60.67902743 -64.29115    -83.68359998]
 [-64.69942617 -59.05345217 -73.79457442 -74.65727455 -59.43886758
  -72.09811921 -79.80636406 -95.13097303]]

----------------------------------------------------------------
  [[ -79.12181404  -78.71964267  -91.56847686  -82.87099569  -78.8195877
   -80.99665093 -101.63322382  -95.54477711]
 [ -67.13144551  -67.94215034  -74.82897666  -75.84703925  -68.198582
   -72.76479756  -84.86499955  -89.20628975]
 [ -61.73693017  -41.64371112  -62.70728771  -63.56503591  -44.23158211
   -60.67902743  -94.11447086  -87.65107722]
 [ -64.69942617  -59.05345217  -73.79457442  -74.65727455  -59.43886758
   -72.09811921  -85.28197464  -96.61939309]]

----------------------------------------------------------------
[[[ -79.12181404  -78.71964267  -91.56847686  -95.47814556 -100.66418882
   -111.90612769 -128.35334993 -144.60421721]
  [ -67.13144551  -67.94215034  -74.82897666  -89.4029843  -101.91425204
   -101.70341106  -97.09510606 -105.45602736]
  [ -61.73693017  -41.64371112  -62.70728771  -79.41562461  -88.32718421
    -96.28165323 -103.70033947 -142.13170418]
  [ -64.69942617  -59.05345217  -73.79457442  -80.84434454  -92.04608461
   -101.91197916 -110.9348549  -113.82440228]]

 [[ -82.50402803  -68.52121778  -57.68651204  -71.86514995  -86.1679757
    -92.27747885 -102.53436351 -106.24138752]
  [ -74.40755516  -63.76152497  -47.16051031  -67.36522531  -78.7476128
    -87.84419188 -101.44108148 -108.92152335]
  [ -86.26971728  -75.55119001  -69.14080891  -89.86462159  -87.37971255
    -99.65870546  -92.58190712 -107.13563431]
  [ -88.31048012  -92.1899899   -79.37309387  -92.12322876 -102.14490489
   -112.58253239 -116.54583485 -122.16003268]]

 [[ -91.86052489  -86.45906551  -73.10067183  -60.71663681  -60.71663681
    -78.86904368  -86.45906551  -97.42444248]
  [ -89.71048393  -81.42686763  -71.92338094  -52.96490459  -60.06434465
    -71.92338094  -87.03757575  -95.27480003]
  [ -96.93156159  -90.88340215  -85.10034171  -71.31810037  -71.31810037
    -85.10034171  -87.56031956  -96.93156159]
  [-105.9519545  -104.38407753  -93.3636382   -80.54848347  -80.54848347
   -101.88214831 -104.38407753 -105.9519545 ]]

 [[-109.95779712 -101.22649039  -97.34296301  -86.79290519  -80.03902333
    -63.86315266  -58.01814649  -71.17706862]
  [-110.37078284 -103.22019803  -95.69448712 -100.15010704  -87.47063151
    -70.57344734  -64.85605943  -70.52239952]
  [-123.81023885 -121.77943627 -121.51449291 -102.69554142  -94.78356333
    -72.40407464  -64.29115     -83.68359998]
  [-135.09027186 -130.13250259 -118.70249024 -113.36689711  -94.01135274
    -92.83239196  -79.80636406  -95.13097303]]

 [[-108.36650698 -107.68788843  -96.05549691  -82.87099569  -78.8195877
    -80.99665093 -101.63322382  -95.54477711]
  [ -94.29138846  -96.75683463  -90.21616973  -75.84703925  -68.198582
    -72.76479756  -84.86499955  -89.20628975]
  [ -96.52168665  -88.64306271  -79.87664131  -63.56503591  -44.23158211
    -60.67902743  -94.11447086  -87.65107722]
  [-102.34037109  -92.58304361  -87.37923553  -74.65727455  -59.43886758
    -72.09811921  -85.28197464  -96.61939309]]]